00ea 83f3 4b69 7474 7973 7472 6f70 6869
6300 0000 0000 0000 0000 0000 0000 0000
0000 0000 0000 0000 0000 0000 0000 0000
0000 0000 0000 0000 0000 0000 0000 0000
0000 0000 0000 0000 0000 0000 0000 0000
0000 0000 0000 0000 0000 0000 0000 0000
0000 0000 0000 0000 0000 0000 0000 0000
0000 0000 0000 0000 0000 0000 0000 0000
0000 0000 0000 0000 0000 0202 4a61 6e2d
6b65 6e2d 706f 6e20 28e3 8198 e382 83e3
8293 e381 91e3 8293 e381 bde3 8293 290a
4365 2071 7569 2072 6573 7465 20c3 a974
6572 6e65 6c6c 656d 656e 7420 696e 636f
6d70 72c3 a968 656e 7369 626c 6520 6461
6e73 206c 6120 6e61 7475 7265 2c20 63e2
8099 6573 7420 7175 e280 996f 6e20 7075
6973 7365 206c 6120 636f 6d70 7265 6e64
7265 2e0a 4365 6c75 6920 7175 6920 6e65
2070 6575 7420 706c 7573 20c3 a970 726f
7576 6572 206e 6920 c3a9 746f 6e6e 656d
656e 7420 6e69 2073 7572 7072 6973 652c
2065 7374 2070 6f75 7220 6169 6e73 6920
6469 7265 206d 6f72 7420 3a20 7365 7320
7965 7578 2073 6f6e 7420 c3a9 7465 696e
7473 2e20 e280 9320 416c 6265 7274 2045
696e 7374 6569 6e0a 5369 2076 6f75 7320
766f 756c 657a 2074 726f 7576 6572 206c
6573 2073 6563 7265 7473 2064 6520 6c27
756e 6976 6572 7320 7065 6e73 657a 2065
6e20 7465 726d 6573 2064 6520 6672 c3a9
7175 656e 6365 732c 2064 27c3 a96e 6572
6769 6573 2065 7420 6465 2076 6962 7261
7469 6f6e 732e 202d 204e 696b 6f6c 6120
5465 736c 610a 5061 7320 6c61 2070 6f75
7220 6574 7265 2069 6369 2e20 2d20 5369
6c69 636f 6e20 5661 6c5b 6c69 7374 5d0a
4469 6575 2065 7374 206c 6120 706c 7573
2062 656c 6c65 2069 6e76 656e 7469 6f6e
2e0a 5461 7069 7320 6461 6e73 206c 276f
6d62 7265 206a 6520 7665 696c 6c65 2e20
2d20 4d69 6e6f 7500 0000 0000 0000 0000
0000 0000 0000 0000 0000 0000 0000 0000
0000 0000 0000 0000 0000 0000 0000 0000
0000 0000 0000 0000 0000 0000 0000 0000
0000 0000 0000 0000 0000 0000 0000 0000
0000 0000 0000 0000 0000 0000 0000 0000
0000 0000 0000 0000 0000 0000 0000 0000
0000 0000 0000 0000 0000 0000 0000 0000
0000 0000 0000 0000 0000 0000 0000 0000
0000 0000 0000 0000 0000 0000 0000 0000
0000 0000 0000 0000 0000 0000 0000 0000
0000 0000 0000 0000 0000 0000 0000 0000
0000 0000 0000 0000 0000 0000 0000 0000
0000 0000 0000 0000 0000 0000 0000 0000
0000 0000 0000 0000 0000 0000 0000 0000
0000 0000 0000 0000 0000 0000 0000 0000
0000 0000 0000 0000 0000 0000 0000 0000
0000 0000 0000 0000 0000 0000 0000 0000
0000 0000 0000 0000 0000 0000 0000 0000
0000 0000 0000 0000 0000 0000 0000 0000
0000 0000 0000 0000 0000 0000 0000 0000
0000 0000 0000 0000 0000 0000 0000 0000
0000 0000 0000 0000 0000 0000 0000 0000
0000 0000 0000 0000 0000 0000 0000 0000
0000 0000 0000 0000 0000 0000 0000 0000
0000 0000 0000 0000 0000 0000 0000 0000
0000 0000 0000 0000 0000 0000 0000 0000
0000 0000 0000 0000 0000 0000 0000 0000
0000 0000 0000 0000 0000 0000 0000 0000
0000 0000 0000 0000 0000 0000 0000 0000
0000 0000 0000 0000 0000 0000 0000 0000
0000 0000 0000 0000 0000 0000 0000 0000
0000 0000 0000 0000 0000 0000 0000 0000
0000 0000 0000 0000 0000 0000 0000 0000
0000 0000 0000 0000 0000 0000 0000 0000
0000 0000 0000 0000 0000 0000 0000 0000
0000 0000 0000 0000 0000 0000 0000 0000
0000 0000 0000 0000 0000 0000 0000 0000
0000 0000 0000 0000 0000 0000 0000 0000
0000 0000 0000 0000 0000 0000 0000 0000
0000 0000 0000 0000 0000 0000 0000 0000
0000 0000 0000 0000 0000 0000 0000 0000
0000 0000 0000 0000 0000 0000 0000 0000
0000 0000 0000 0000 0000 0000 0000 0000
0000 0000 0000 0000 0000 0000 0000 0000
0000 0000 0000 0000 0000 0000 0000 0000
0000 0000 0000 0000 0000 0000 0000 0000
0000 0000 0000 0000 0000 0000 0000 0000
0000 0000 0000 0000 0000 0000 0000 0000
0000 0000 0000 0000 0000 0000 0000 0000
0000 0000 0000 0000 0000 0000 0000 0000
0000 0000 0000 0000 0000 0000 0000 0000
0000 0000 0000 0000 0000 0000 0000 0000
0000 0000 0000 0000 0000 0000 0000 0000
0000 0000 0000 0000 0000 0000 0000 0000
0000 0000 0000 0000 0000 0000 0000 0000
0000 0000 0000 0000 0000 0000 0000 0000
0000 0000 0000 0000 0000 0000 0000 0000
0000 0000 0000 0000 0000 0000 0000 0000
0000 0000 0000 0000 0000 0000 0000 0000
0000 0000 0000 0000 0000 0000 0000 0000
0000 0000 0000 0000 0000 0000 0000 0000
0000 0000 0000 0000 0000 0000 0000 0000
0000 0000 0000 0000 0000 0000 0000 0000
0000 0000 0000 0000 0000 0000 0000 0000
0000 0000 0000 0000 0000 0000 0000 0000
0000 0000 0000 0000 0000 0000 0000 0000
0000 0000 0000 0000 0000 0000 0000 0000
0000 0000 0000 0000 0000 0000 0000 0000
0000 0000 0000 0000 0000 0000 0000 0000
0000 0000 0000 0000 0000 0000 0000 0000
0000 0000 0000 0000 0000 0000 0000 0000
0000 0000 0000 0000 0000 0000 0000 0000
0000 0000 0000 0000 0000 0000 0000 0000
0000 0000 0000 0000 0000 0000 0000 0000
0000 0000 0000 0000 0000 0000 0000 0000
0000 0000 0000 0000 0000 0000 0000 0000
0000 0000 0000 0000 0000 0000 0000 0000
0000 0000 0000 0000 0000 0000 0000 0000
0000 0000 0000 0000 0000 0000 0000 0000
0000 0000 0000 0000 0000 0000 0000 0000
0000 0000 0000 0000 0000 0000 0000 0000
0000 0000 0000 0000 0000 0000 0000 0000
0000 0000 0000 0000 0000 0000 0000 0000
0000 0000 0000 0000 0000 0000 0000 0000
0000 0000 0000 0000 0000 0000 0000 0000
0000 0000 0000 0000 0000 0000 0000 0000
0000 0000 0000 0000 0000 0000 0000 0000
0000 0000 0000 0000 0000 0000 0000 0000
0000 0000 0000 0000 0000 0000 0000 0000
0000 0000 0000 0000 0000 0000 0000 0000
0000 0000 0000 0000 0000 0000 0000 0000
0000 0000 0000 0000 0000 0000 0000 0000
0000 0000 0000 0000 0000 0000 0000 0000
0000 0000 0000 0000 0000 0000 0000 0000
0000 0000 0000 0000 0000 0000 0000 0000
0000 0000 0000 0000 0000 0000 0000 0000

magic_poney:
fork:	0c 00eb

live:	01 0f0f0f0f

fork:	0c 0066 // wrong label calc

ld:		02 90 0f0f0f0f 02

ld:		02 90 000001ff 0f

1st:	03 50 02 05

2st:	03 50 02 03

3st:	03 50 02 06


4st:	03 50 02 04 

5st:	03 50 02 07

6st:	03 50 0f 0e

7st:	03 50 02 01

8st:	03 50 0f 08

1ld:	02 90 0b540a0b 09

2ld:	02 90 0b540d10 0a

3ld:	02 90 000001fb 0b 

4ld:	02 90 0854090c 0d

5ld:	02 90 000001f9 10

6ld:	02 90 00000000 0c

zjmp:	09 01fa // wrong label calc

___________________________
poorkitty:

ld:		02 90 0b54050f 02 //7
ld:		02 90 00000005 0f
ld:		02 90 0b54030f 05
ld:		02 90 0b54060f 03
ld:		02 90 0b54040f 06
ld:		02 90 0b54070e 04
ld:		02 90 098f0f01 07
ld:		02 90 0000000a 0e 
ld:		02 90 54020f0c 01
ld:		02 90 0000000e 08
ld:		02 90 0c0901f6 09
ld:		02 90 0c0901f4 0a
ld:		02 90 000001ff 0b
ld:		02 90 090c090b 0d
ld:		02 90 000001fb 10 // 7 * 15 = 105
st:		03 50 01 01 // 4
st:		03 50 01 01
st:		03 50 01 01
st:		03 50 01 01
st: 	03 50 01 01 // 4 * 5 = 20
xor: 	08 54 0c 0c 0c
zjmp: 	09 018c // wrong label calc

___________________________
g00dbye_kitty:
live:	01 0f0f0f0f
fork:	0c 0081
ld:		02 90 020f0c0b 02
ld:		02 90 00000002 0f
ld:		02 90 050f0c0b 05
ld:		02 90 030f0c0b 03
ld:		02 90 060f0c0b 06


ld:		02 90 040f0c0b 04
ld:		02 90 0b540108 07
ld:		02 90 00000005 0e
ld:		02 90 0c0901f6 09

ld:		02 90 0c0901f4 0a
ld:		02 90 000001ff 0b
ld:		02 90 090b5402 0d
ld:		02 90 000001fd 10
ld:		02 10 01 0017 01 !!! Wrong codage and n of printed
ld:		02 90 0000000b 08
xor:	08 54 0c 0c 0c
zjmp:	09 0107
live:	01 0000002a
sti:	0b 54 0f 01 01

___________________________
kittysaurus_rex: 
st:		03 40 01 00f7	!!! Wrong codage and negative n parse?? Maybe doesn't cound INDs?
st:		03 40 02 00fc



ld:		02 90 54050f0c 02
ld:		02 90 00000006 0f
ld:		02 90 54030f0c 05
ld:		02 90 54060f0c 03

ld:		02 90 54040f0c 06
ld:		02 90 54070e0c 04

ld:		02 90 5401080c 07
st:		03 50 0f 0e



ld:		02 90 01ffffff 01
ld:		02 90 00000008 08
ld:		02 90 0b540a0b 09
ld:		02 90 0b540d10 0a
ld:		02 90 000001fb 0b
ld:		02 90 54020f0c 0d 
ld:		02 90 000001ff 10
st:		03 50 01 01
st:		03 50 01 01
st:		03 50 01 01
ld:		02 90 00000000 0c
zjmp:	09 00 8e

___________________________
kittyrritable:
	st:		03 40 09 0018
	zjmp:	09 000f

___________________________
kittyrecuperable:
	st:		03 40 09 000c
	zjmp:	09 0007


        


